Souřadnice S-JTSK, Bpv pro GEO:

STAM:    562457.825 1056360.353 559.651
ZE34K:   564288.382 1051573.828 632.330
ZE37K:   563702.606 1050218.273 696.896
ZE43K:   563399.727 1049848.184 784.692
ZE44K:   563475.406 1049467.302 801.743
ZE33.1K: 564190.644 1052129.006 614.785
ZE35.1B: 563940.545 1051037.935 655.734
ZE36.1B: 563824.624 1050773.668 667.931
ZE39.1K: 563386.671 1050019.200 727.916
MO34K:   564288.383 1051573.821 632.324
MO37K:   563702.597 1050218.298 696.982
MO43K:   563399.727 1049848.181 784.751
MO44K:   563475.436 1049467.314 801.727
MO33.1K: 564190.634 1052129.010 614.804
MO35.1B: 563940.544 1051037.961 655.686
MO36.1B: 563824.647 1050773.664 667.967
MO39.1K: 563386.694 1050019.168 727.952
ZL1001K: 564133.751 1052713.343 599.690
ZL1002K: 564152.025 1053018.580 591.903
ZL1003K: 564063.242 1053473.834 581.056
ZL1004K: 563841.731 1054188.836 566.382
ZL1005K: 563324.216 1054388.915 554.533
ZL1006K: 562880.048 1054731.748 544.690
ZL1007K: 562583.250 1055767.973 538.897
ZL1008K: 562545.236 1056155.092 524.463





